train_acc_xy:
[[1, 0.7564356435643564], [2, 0.898019801980198], [3, 0.9297029702970298], [4, 0.9396039603960396], [5, 0.9524752475247524], 
[6, 0.9603960396039604], [7, 0.9712871287128713], [8, 0.9742574257425742], [9, 0.9792079207920792], [10, 0.9821782178217822], [11, 0.9821782178217822], [12, 0.9841584158415841], [13, 0.9861386138613861], [14, 0.9861386138613861], [15, 0.9891089108910891], [16, 0.9891089108910891], [17, 0.9900990099009901], [18, 0.9910891089108911], [19, 0.9910891089108911], [20, 0.9910891089108911], [21, 0.9910891089108911], [22, 0.9930693069306931], [23, 0.9920792079207921], [24, 0.9930693069306931], [25, 0.9930693069306931], [26, 0.9930693069306931], [27, 0.9930693069306931], [28, 0.994059405940594], [29, 0.995049504950495], [30, 0.995049504950495], [31, 0.995049504950495], [32, 0.995049504950495], [33, 0.995049504950495], [34, 0.995049504950495], [35, 0.995049504950495], [36, 0.995049504950495], [37, 0.995049504950495], [38, 0.996039603960396], [39, 0.996039603960396], [40, 0.996039603960396], [41, 0.996039603960396], [42, 0.996039603960396], [43, 0.996039603960396], [44, 0.996039603960396], [45, 0.996039603960396], [46, 0.996039603960396], [47, 0.996039603960396], [48, 0.996039603960396], [49, 0.996039603960396], [50, 0.996039603960396], [51, 0.996039603960396], [52, 0.996039603960396], [53, 0.996039603960396], [54, 0.997029702970297], [55, 0.997029702970297], [56, 0.997029702970297], [57, 0.997029702970297], [58, 0.997029702970297], [59, 0.997029702970297], [60, 0.997029702970297]]
train_loss_xy:
[[1, 0.6666448314591209], [2, 0.648478607848139], [3, 0.6265241568631464], [4, 0.5973465839234909], [5, 0.5605895528698912], 
[6, 0.5215040025144521], [7, 0.4851946909238796], [8, 0.45411782146680474], [9, 0.4288727115876604], [10, 0.4088980341901874], [11, 0.39311307816222163], [12, 0.3808175844721275], [13, 0.3709541371553251], [14, 0.36304873363806467], [15, 0.35681351995704197], [16, 0.3516418612239384], [17, 0.3474692794946161], [18, 0.34408013006248095], [19, 0.3411862398138141], [20, 0.33883862519028163], [21, 0.33680901486094633], [22, 0.3351316685133641], [23, 0.3336306797395838], [24, 0.3323075502815813], [25, 0.33117422166437205], [26, 0.3301080989365531], [27, 0.32917912177520225], [28, 0.32841017500008685], [29, 0.3275449215775669], [30, 0.326836882487382], [31, 0.3261439491026472], [32, 0.32555420770503507], [33, 0.32503292784832494], [34, 0.3245803725011278], [35, 0.324094812704785], [36, 0.3236129733005373], [37, 0.323232633288544], [38, 0.3228843431661625], [39, 0.32251387026050304], [40, 0.32222355480241305], [41, 0.3218930549550765], [42, 0.3216528596264301], [43, 0.3213475536591936], [44, 
0.32108654385746116], [45, 0.320901366271595], [46, 0.32063389591651387], [47, 0.3204107461589398], [48, 0.32024258410576545], [49, 0.3200219936300032], [50, 0.31986666156513854], [51, 0.3196674555835157], [52, 0.31950931218591067], [53, 0.31936171703999583], [54, 0.31917456949111256], [55, 0.31903438591721034], [56, 0.3188813715287955], [57, 0.318743095539584], [58, 0.31860350482534655], [59, 0.3184755741959751], [60, 0.3183605063669752]]
val_acc_xy:
[[1, 0.9071428571428571], [2, 0.9357142857142857], [3, 0.9428571428571428], [4, 0.95], [5, 0.9535714285714286], [6, 0.9535714285714286], [7, 0.9571428571428572], [8, 0.9607142857142857], [9, 0.9642857142857143], [10, 0.9678571428571429], [11, 0.9678571428571429], [12, 0.9678571428571429], [13, 0.9642857142857143], [14, 0.9642857142857143], [15, 0.9642857142857143], [16, 0.9678571428571429], [17, 0.9678571428571429], [18, 0.9714285714285714], [19, 0.9714285714285714], [20, 0.9714285714285714], [21, 0.9714285714285714], [22, 0.9714285714285714], [23, 0.9714285714285714], [24, 0.9714285714285714], [25, 0.9714285714285714], [26, 0.9678571428571429], [27, 0.9678571428571429], [28, 0.9714285714285714], [29, 0.9714285714285714], [30, 0.9714285714285714], [31, 0.9714285714285714], [32, 0.9714285714285714], [33, 0.9714285714285714], [34, 0.9714285714285714], [35, 0.9714285714285714], [36, 0.9714285714285714], [37, 0.9714285714285714], [38, 0.9714285714285714], [39, 0.9714285714285714], [40, 0.9714285714285714], [41, 0.9714285714285714], [42, 0.9714285714285714], [43, 0.9714285714285714], [44, 0.9714285714285714], [45, 0.9714285714285714], [46, 0.9714285714285714], [47, 0.9714285714285714], [48, 0.9714285714285714], [49, 0.9714285714285714], [50, 0.9714285714285714], [51, 0.9714285714285714], [52, 0.9714285714285714], [53, 0.9714285714285714], [54, 0.9714285714285714], [55, 0.9714285714285714], [56, 0.9714285714285714], [57, 0.9714285714285714], [58, 0.9714285714285714], [59, 0.9714285714285714], [60, 0.9714285714285714]]
val_loss_xy:
[[1, 0.6568845425333295], [2, 0.6357917683465141], [3, 0.6082459143229894], [4, 0.5716569474765233], [5, 0.5316243818828038], [6, 0.49314409834997996], [7, 0.4598251989909581], [8, 0.43421671986579896], [9, 0.41522371768951416], [10, 0.40005187903131756], [11, 0.3891324588230678], [12, 0.381081805058888], [13, 0.3746056156499045], [14, 0.3693498517785754], [15, 0.36517290132386343], [16, 0.36220940947532654], [17, 0.3600194522312709], [18, 0.3585033995764596], [19, 0.35627306274005344], [20, 0.3549638944012778], [21, 0.3537532389163971], [22, 0.35286991681371416], [23, 0.35160094244139534], [24, 0.3508743413857051], [25, 0.35007802162851603], [26, 0.3499530528272901], [27, 0.3492112355572837], [28, 0.34884722999164036], [29, 0.34838383964129854], [30, 0.34794391478810993], [31, 0.34736686093466623], [32, 0.34720160365104674], [33, 0.3465125926903316], [34, 0.34664069499288286], [35, 0.34607581325939724], [36, 0.3456647762230464], [37, 0.3452973510537829], [38, 0.34541798744882857], [39, 0.34525722861289976], [40, 0.34488297615732466], [41, 0.3445343707289015], [42, 0.344546400649207], [43, 0.34421891825539724], [44, 0.3442085666315896], [45, 0.3442138816629137], [46, 0.3437907772404807], [47, 0.34394446866852896], [48, 0.3436316898890904], [49, 0.34369829297065735], [50, 0.3436611218111856], [51, 0.34345976029123576], [52, 0.3433881274291447], [53, 0.34304012996809824], [54, 0.3431314562048231], [55, 0.34322247760636465], [56, 0.3430759642805372], [57, 0.34302889704704287], [58, 0.3430447382586343], [59, 0.3429860464164189], [60, 0.3428768839154925]]